ZUUU 0 30.57333333 103.9416667 0 0 199 167 306 210 195 136 200 355 104 61 118 36 47 199 144
ZGGG 0 23.63333333 113.4833333 0 0 43 43 48 226 198 75 116 256 30 149 34 0 147 261 248
ZBAA 0 40.11666667 116.9666667 0 0 47 66 258 151 0 106 220 224 123 136 72 21 38 128 235
ZSPD 0 31.25 122.3333333 0 0 19 47 52 130 0 46 35 120 0 0 0 0 64 0
B330 1 24.67 110.7766667 -25.90333333 108.3983333 43 43 48 157 198 40 33 157 0 45 34 0 47 172 86
YIN 0 24.20833333 133.4116667 0 0 43 43 48 188 198 0 34 175 0 104 34 0 0 261 248
JTG 0 30.87333333 104.3916667 0 0 21 23 246 52 0 24 62 32 25 28 0 36 0 0 28
H143 1 30.87333333 104.3916667 -29.19166667 106.185 21 23 246 52 0 24 62 32 25 28 0 36 0 0 28
A599 1 23.07166667 112.485 -29.11333333 120.4166667 0 0 0 33 0 76 68 26 0 0 0 0 47 0 0
PLT 0 25.80666667 114.875 0 0 0 0 0 0 0 36 35 0 0 0 0 0 0 0 0
G212 1 33.32 108.3133333 -36.25 112.6183333 47 35 224 0 0 101 183 147 102 28 72 36 0 0 48
WFX 0 30.11666667 104.675 0 0 47 35 0 0 0 77 121 147 77 0 72 0 0 70 48
R343 1 30.78333333 114.2033333 -30.25666667 120.1916667 21 54 59 52 0 0 0 64 0 0 0 0 0 66 28
BOBAK 0 39.12666667 116.405 0 0 0 0 224 68 0 24 96 44 25 87 0 36 0 89 162
B213 1 30.80833333 106.185 -29.21666667 114.2033333 21 23 22 52 0 0 0 91 0 0 0 0 0 35 28
EKIMU 0 31.35186833 6.6 0 0 21 54 59 52 0 0 0 64 0 0 0 0 31 28
