ZUUU 0 30.57333333 103.9416667 0 0 188 3 73 5 104 5 66 5 92 5 140 8 151 9 172 11 201 12 118 5 58 5 106 3 62 2 62 3 122 6 172 9 101 7
ZGGG 0 23.63333333 113.4833333 0 0 43 1 25 1 27 3 110 5 56 5 74 5 174 7 146 9 103 6 92 6 104 4 4 1 99 2 108 4 90 5 170 10 185 11
ZBAA 0 40.11666667 116.9666667 0 0 35 1 47 4 45 3 120 2 31 2 79 4 97 5 176 8 75 9 199 6 36 5 81 2 68 2 77 3 93 5 148 8 129 7
ZSPD 0 31.25 122.3333333 0 0 19 1 36 2 41 3 65 2 65 2 5 1 61 2 74 4 66 3 38 1 0 0 0 0 0 0 49 2 38 2 131 5 166 5
B330 1 24.67 110.7766667 -25.90333333 108.3983333 132 1 25 1 55 3 55 4 49 4 69 4 92 4 63 5 75 4 30 3 27 2 10 1 25 1 68 2 40 2 77 4 46 4
YIN 0 24.20833333 133.4116667 0 0 132 1 25 1 55 3 91 3 41 4 48 2 84 3 75 5 53 3 60 4 62 3 10 1 0 0 66 3 90 5 98 7 50 7
JTG 0 30.87333333 104.3916667 0 0 19 1 16 1 39 2 5 1 50 1 29 1 30 1 56 2 23 2 34 1 0 0 21 1 0 0 0 0 23 1 30 1 30 1
H143 1 30.87333333 104.3916667 -29.19166667 106.185 19 1 16 1 39 2 5 1 50 1 29 1 30 1 56 2 23 2 34 1 0 0 21 1 0 0 0 0 23 1 30 1 30 1
A599 1 23.07166667 112.485 -29.11333333 120.4166667 0 0 0 0 0 0 24 2 18 1 26 3 99 4 45 3 22 1 0 0 0 0 0 0 25 1 48 1 0 0 73 3 105 4
PLT 0 25.80666667 114.875 0 0 0 0 0 0 0 0 0 0 0 0 5 1 61 2 29 1 0 0 0 0 0 0 0 0 0 0 0 0 0 0 38 2 87 3
G212 1 33.32 108.3133333 -36.25 112.6183333 35 1 25 3 21 1 0 0 0 0 79 4 62 5 86 4 37 6 94 2 31 3 81 2 37 1 0 0 43 2 50 3 37 2
WFX 0 30.11666667 104.675 0 0 35 1 25 3 0 0 0 0 0 0 50 3 32 4 60 4 86 6 60 1 31 3 60 1 37 1 20 1 54 3 65 4 27 2
R343 1 30.78333333 114.2033333 -30.25666667 120.1916667 19 1 36 2 41 3 5 1 50 1 0 0 0 0 59 3 72 2 0 0 0 0 0 0 0 0 49 2 34 2 45 2 20 1
BOBAK 0 39.12666667 116.405 0 0 0 0 0 0 21 1 60 1 10 1 29 1 60 2 64 3 11 1 64 2 35 1 21 1 0 0 46 2 50 3 86 5 80 5
B213 1 30.80833333 106.185 -29.21666667 114.2033333 19 1 16 1 18 1 5 1 50 1 0 0 0 0 30 2 72 2 0 0 0 0 0 0 0 0 20 1 34 2 45 2 20 1
EKIMU 0 31.35186833 106.6 0 0 19 1 36 2 41 3 5 1 50 1 0 0 0 0 49 2 12 1 0 0 0 0 0 0 0 0 29 1 23 1 0 0 0 0
